113
116
117
118
117
115
113
112
110
108
105
103
102
100
98
97
96
96
96
97
98
98
99
100
100
101
101
101
101
100
99
98
97
96
94
92
91
89
89
90
92
96
101
107
112
117
120
122
122
122
121
120
118
116
114
112
110
107
104
102
99
98
96
95
94
94
93
93
92
91
90
89
88
88
87
87
87
87
86
86
86
87
87
87
88
88
89
91
94
98
104
111
117
122
125
126
126
125
123
121
119
117
115
113
110
108
106
104
103
102
101
101
101
101
101
100
100
99
98
97
97
96
95
94
94
93
93
92
92
91
91
90
90
89
89
89
89
89
91
94
99
105
112
119
124
128
129
129
127
125
123
121
118
116
114
112
110
108
106
105
104
104
104
103
103
102
101
100
98
97
96
94
93
92
91
91
90
90
89
89
88
88
87
87
87
86
86
87
88
91
96
102
108
115
120
123
124
124
122
120
118
115
113
111
109
108
106
104
102
101
99
98
97
97
96
96
95
95
94
94
93
92
91
90
89
88
87
86
85
85
84
83
82
82
81
81
81
81
82
84
87
91
96
102
106
110
112
112
111
110
108
106
105
103
102
100
98
97
95
94
93
93
92
92
92
93
93
92
92
92
91
90
89
88
88
87
87
86
86
86
86
86
85
85
86
86
86
86
86
86
87
88
91
96
103
111
119
127
133
137
140
141
141
140
138
134
130
125
121
118
115
112
109
106
103
99
96
92
89
86
83
81
79
77
75
72
70
69
68
67
66
67
67
68
69
70
71
71
72
72
73
74
75
77
79
81
84
87
91
94
98
101
102
103
103
101
99
97
94
93
91
89
88
87
85
84
83
83
83
83
83
84
85
86
87
87
88
89
89
90
90
90
90
89
89
89
89
90
90
90
89
89
88
88
87
87
87
87
88
89
92
96
101
106
111
115
117
118
118
117
116
115
114
113
111
110
109
108
107
107
107
107
107
108
107
107
107
107
106
106
105
103
102
101
99
98
97
96
95
94
93
92
92
92
92
92
92
91
91
91
91
92
94
98
103
109
116
122
127
130
131
130
129
127
124
122
119
117
115
113
111
109
107
105
104
104
103
103
103
103
103
102
102
101
99
98
97
96
95
94
93
92
91
90
89
89
88
88
88
88
88
90
93
97
103
110
116
121
125
126
127
126
124
122
119
117
115
113
111
108
106
104
103
102
101
101
101
101
100
100
99
99
98
97
96
95
94
93
92
91
90
89
89
89
88
88
88
88
89
89
89
90
92
95
99
105
112
118
123
127
129
129
128
127
125
122
120
118
116
115
113
111
109
107
106
105
104
104
104
104
103
102
102
101
100
99
98
97
96
95
95
94
93
92
92
91
91
91
90
90
89
89
1
1
1
1
1
1
1
1
1
1
1
1
1
1
1
1
1
1
1
1
1
1
1
1
1
1
1
1
0
100
100
99
99
99
98
98
97
96
96
95
94
93
92
91
90
90
89
89
89
88
88
88
87
87
87
87
88
90
92
96
101
107
112
116
119
120
120
118
116
114
112
111
110
109
108
107
105
104
102
102
101
101
101
101
101
101
100
99
99
98
97
96
95
95
94
94
93
93
92
92
92
91
90
89
88
86
84
82
80
79
78
79
80
83
87
92
96
100
102
104
104
103
102
100
99
98
97
96
96
95
95
94
94
95
95
96
97
98
100
101
102
103
104
105
106
107
107
108
108
108
107
106
105
104
104
103
102
102
102
102
102
104
106
108
112
117
122
127
131
133
135
135
134
133
131
130
128
127
125
124
122
121
121
120
120
121
121
122
122
122
123
123
123
122
122
122
122
121
121
121
121
121
121
120
119
118
116
116
115
115
116
117
119
122
125
129
132
134
134
133
130
127
123
119
115
112
108
104
100
97
94
91
88
86
84
82
80
78
77
